7.092383848116445222e+01 9.713757949462640795e+01
7.262515288351077913e+01 1.149036118828525446e+02
7.598941827444136266e+01 1.310740247282984399e+02
7.926959318215590145e+01 1.462116595997759134e+02
8.361348894398980747e+01 1.632602070113987622e+02
9.133134185681856820e+01 1.774453528800422362e+02
1.002716924457813263e+02 1.870885567042799664e+02
1.121243501638842304e+02 1.960035353522673631e+02
1.307417580075816943e+02 2.005299886205455948e+02
1.498553027009257335e+02 1.953119806538203136e+02
1.631016870010368223e+02 1.864406088141439852e+02
1.736533417153492564e+02 1.765725015818615873e+02
1.824361445903047070e+02 1.622799257199497447e+02
1.871673855572497303e+02 1.450939197760549462e+02
1.902290533292884334e+02 1.297241873100331304e+02
1.930211850212615730e+02 1.134592335778471721e+02
1.944386337221795600e+02 9.557953920495954492e+01
8.133095966664637899e+01 8.079544510819440006e+01
8.775906555768355588e+01 7.527980275239393393e+01
9.622692544456641883e+01 7.383857496648523977e+01
1.045552433470042359e+02 7.474029382053662118e+01
1.122318614396381378e+02 7.697670953698954577e+01
1.444957638720559601e+02 7.642387471498733476e+01
1.523479990070793235e+02 7.383329748466542242e+01
1.611305407887158196e+02 7.263570385261890294e+01
1.705871567415715901e+02 7.384785054186868081e+01
1.782140988540454600e+02 7.943802856792279954e+01
1.287337424978530009e+02 9.535962565543398739e+01
1.284885447327190491e+02 1.069245950561429908e+02
1.282447593618791473e+02 1.182728508580382822e+02
1.282659654694305118e+02 1.276987072698547365e+02
1.187600011311932064e+02 1.351935767729792701e+02
1.229630797345722328e+02 1.361461977362693574e+02
1.288701796097480212e+02 1.373025335558470772e+02
1.349428313951682412e+02 1.359972054327027706e+02
1.394825974805049214e+02 1.348776379323578283e+02
9.252245552947951523e+01 9.436876013925871121e+01
9.758518219091602930e+01 9.095977780864015472e+01
1.054136827253479112e+02 9.091345887337647014e+01
1.127724172413805945e+02 9.494360869870115494e+01
1.061036350029978053e+02 9.708485693056850607e+01
9.804628565227369563e+01 9.736335869283777811e+01
1.455251150915801759e+02 9.453499862483769789e+01
1.525895343844842955e+02 9.021485665622998340e+01
1.606117066599242094e+02 9.019938513610091491e+01
1.666771007134345552e+02 9.356562295717796474e+01
1.605597157158167079e+02 9.648125957611816261e+01
1.522046599320385951e+02 9.647281336075320723e+01
1.071676061409008298e+02 1.571960676424224346e+02
1.144761121594911941e+02 1.521200695686944471e+02
1.238485275900114146e+02 1.485186319927202021e+02
1.289762828750883159e+02 1.494155252658413247e+02
1.341436070281873185e+02 1.484262821063011017e+02
1.441771784190322592e+02 1.517934326195266124e+02
1.521928400537708228e+02 1.569871111620794295e+02
1.438596689519555696e+02 1.640034710111700917e+02
1.367441506983738009e+02 1.679430005969718707e+02
1.291527827785766647e+02 1.688185336565691159e+02
1.217951107381860680e+02 1.680227192850946096e+02
1.152750857322509574e+02 1.641515935501153081e+02
1.092308865340071549e+02 1.570017210276685944e+02
1.225027076183196328e+02 1.544073364881574832e+02
1.290286223573835684e+02 1.541210422747830933e+02
1.358364806906690774e+02 1.543121499788170183e+02
1.507578280913324136e+02 1.567950600383838378e+02
1.356620462720712226e+02 1.606297673150843650e+02
1.289521854722262333e+02 1.612876270900408713e+02
1.224877543157500526e+02 1.605087843133286185e+02
